VERSION
27
10
0
2
11
12
5.136877
5.136877
5.136877
5.136877
1.000000 0.000000 0.000000 0.000000
0.000000 1.000000 0.000000 0.000000
0.000000 0.000000 1.000000 0.000000
0.000000 1.383005 0.000000 1.000000
12
1.580577
13
3
1.975722
15
0
3.951444
19.757219
19.757219
7.902887
2.963583
3.753871
1.778150
1.580577
5.729593
5
3
0.000000 1.000000 0.000000 0.000000
-1.000000 0.000000 0.000000 0.000000
0.000000 0.000000 1.000000 0.000000
1.778150 5.729593 1.876936 1.000000
0.592717
0.592717
0.592717
3
0.000000 1.000000 0.000000 0.000000
-1.000000 0.000000 0.000000 0.000000
0.000000 0.000000 1.000000 0.000000
1.778150 5.729593 0.938468 1.000000
0.632231
0.632231
0.632231
3
0.000000 1.000000 0.000000 0.000000
-1.000000 0.000000 0.000000 0.000000
0.000000 0.000000 1.000000 0.000000
1.778150 5.729593 0.000000 1.000000
0.671745
0.671745
0.671745
3
0.000000 1.000000 0.000000 0.000000
-1.000000 0.000000 0.000000 0.000000
0.000000 0.000000 1.000000 0.000000
1.778150 5.729593 -0.938468 1.000000
0.711260
0.711260
0.711260
3
0.000000 1.000000 0.000000 0.000000
-1.000000 0.000000 0.000000 0.000000
0.000000 0.000000 1.000000 0.000000
1.778150 5.729593 -1.876936 1.000000
0.750774
0.750774
0.750774
0
3.951444
19.757219
19.757219
7.902887
2.963583
3.753871
1.778150
1.580577
5.729593
5
3
0.000000 1.000000 0.000000 0.000000
-1.000000 0.000000 0.000000 0.000000
0.000000 0.000000 -1.000000 0.000000
1.778150 5.729593 -1.876936 1.000000
0.592717
0.592717
0.592717
3
0.000000 1.000000 0.000000 0.000000
-1.000000 0.000000 0.000000 0.000000
0.000000 0.000000 -1.000000 0.000000
1.778150 5.729593 -0.938468 1.000000
0.632231
0.632231
0.632231
3
0.000000 1.000000 0.000000 0.000000
-1.000000 0.000000 0.000000 0.000000
0.000000 0.000000 -1.000000 0.000000
1.778150 5.729593 0.000000 1.000000
0.671745
0.671745
0.671745
3
0.000000 1.000000 0.000000 0.000000
-1.000000 0.000000 0.000000 0.000000
0.000000 0.000000 -1.000000 0.000000
1.778150 5.729593 0.938468 1.000000
0.711260
0.711260
0.711260
3
0.000000 1.000000 0.000000 0.000000
-1.000000 0.000000 0.000000 0.000000
0.000000 0.000000 -1.000000 0.000000
1.778150 5.729593 1.876936 1.000000
0.750774
0.750774
0.750774
16
0
14.343741
13.173413
5.927166
2.963583
5.136877
0.000000
0.200000
0.000000 0.000000 1.975722 1.000000
3.945595
3.761891
0.000000
4.163944
5
3
0.922128 -0.377444 -0.084946 0.000000
-0.066688 0.061205 -0.995895 0.000000
0.381093 0.924008 0.031269 0.000000
1.247136 -1.549172 0.246220 1.000000
1.459638
1.076768
1.037254
3
0.998261 -0.051806 -0.028148 0.000000
-0.027321 0.016597 -0.999489 0.000000
0.052247 0.998519 0.015153 0.000000
3.683225 -1.392757 0.085861 1.000000
1.384247
1.003237
1.185433
3
0.998722 -0.009049 0.049721 0.000000
0.049732 0.000993 -0.998762 0.000000
0.008988 0.999959 0.001441 0.000000
3.855833 -0.562988 -0.037643 1.000000
1.280221
1.337859
1.326785
3
0.996420 0.000000 0.084536 0.000000
0.084536 0.000000 -0.996420 0.000000
0.000000 1.000000 0.000000 0.000000
3.811020 0.416467 -0.026527 1.000000
1.254456
1.250820
1.398811
3
0.990430 0.109582 0.083909 0.000000
0.084375 0.000394 -0.996435 0.000000
-0.109225 0.993977 -0.008856 0.000000
3.807194 1.246196 0.002668 1.000000
1.051824
0.926572
1.135427
0
14.343741
13.173413
5.927166
2.963583
5.136877
0.000000
0.200000
0.000000 0.000000 1.975722 1.000000
3.945595
3.761891
0.000000
4.163944
5
3
0.922128 -0.377444 -0.084946 0.000000
-0.066688 0.061205 -0.995895 0.000000
0.381093 0.924008 0.031269 0.000000
1.247136 -1.549172 0.246220 1.000000
1.459638
1.076768
1.037254
3
0.998261 -0.051806 -0.028148 0.000000
-0.027321 0.016597 -0.999489 0.000000
0.052247 0.998519 0.015153 0.000000
3.683225 -1.392757 0.085861 1.000000
1.384247
1.003237
1.185433
3
0.998722 -0.009049 0.049721 0.000000
0.049732 0.000993 -0.998762 0.000000
0.008988 0.999959 0.001441 0.000000
3.855833 -0.562988 -0.037643 1.000000
1.280221
1.337859
1.326785
3
0.996420 0.000000 0.084536 0.000000
0.084536 0.000000 -0.996420 0.000000
0.000000 1.000000 0.000000 0.000000
3.811020 0.416467 -0.026527 1.000000
1.254456
1.250820
1.398811
3
0.990430 0.109582 0.083909 0.000000
0.084375 0.000394 -0.996435 0.000000
-0.109225 0.993977 -0.008856 0.000000
3.807194 1.246196 0.002668 1.000000
1.051824
0.926572
1.135427
19
0
20
0
18
0.000000
17
501
1.975722
1.975722
503
5.136877
5.136877
5.136877
5.136877
5.136877
5.136877
5.136877
5.136877
506
11.854331
11.854331
13.840918
6.324575
0.987861
0.987861
0.987861
0.987861
0.987861
0.987861
1.185433
1.185433
1.185433
1.185433
1.185433
1.185433
1.299830
1.383005
1.383005
1.383005
1.383005
1.383005
1.185433
1.185433
1.185433
1.185433
1.185433
1.185433
0.987861
0.983102
0.987861
0.987861
0.987861
0.987861
5.136877
5.136877
5.136877
11.854331
11.854331
13.840918
6.324575
0.987861
0.987861
0.987861
0.987861
0.987861
0.987861
1.185433
1.185433
1.185433
1.185433
1.185433
1.185433
1.299830
1.383005
1.383005
1.383005
1.383005
1.383005
1.185433
1.185433
1.185433
1.185433
1.185433
1.185433
0.987861
0.983102
0.987861
0.987861
0.987861
0.987861
5.136877
5.136877
5.136877
505
19.757219
19.757219
19.757219
19.757219
0.592717
0.592717
0.592717
0.592717
0.592717
0.592717
0.632231
0.632231
0.632231
0.632231
0.632231
0.632231
0.671745
0.671745
0.671745
0.671745
0.671745
0.671745
0.711260
0.711260
0.711260
0.711260
0.711260
0.711260
0.750774
0.750774
0.750774
0.750774
0.750774
0.750774
40.000000
0.000000
0.000000
19.757219
19.757219
19.757219
19.757219
0.592717
0.592717
0.592717
0.592717
0.592717
0.592717
0.632231
0.632231
0.632231
0.632231
0.632231
0.632231
0.671745
0.671745
0.671745
0.671745
0.671745
0.671745
0.711260
0.711260
0.711260
0.711260
0.711260
0.711260
0.750774
0.750774
0.750774
0.750774
0.750774
0.750774
40.000000
0.000000
0.000000
500
1.580577
9.878610
9.878610
9.878610
3.951444
3.951444
3.951444
507
100
0.000000
0.000000
0.000000
1.000000
3
0.000000
0.000000
0.244346
101
3
0.000000
0.000000
0.000000
0.000001 0.000000 1.000000 0.000000
0.000000 1.000000 0.000000 0.000000
-1.000000 0.000000 0.000001 0.000000
-0.012634 41.468662 0.000000 1.000000
108
0.000000 0.000000 0.000000 0.000000
-0.012634 41.468662 0.000000 1.000000
0.000000
0.707106
0.000000
0.707107
102
0.000000
103
12
0.000000
0.000000
0.000000
0.000000
0.000000
0.000000
0.000000
0.000000
0.000000
0.000000
0.000000
0.000000
105
2.941593
0.300000
0.000000
0.000000
0.998750
-0.049979
-0.120000
0.000000
0
0.000000
0.000000
-39.317032 -0.000001 0.000000 1.000000
-3.964078 2.151630 0.000006 1.000000
0.000000 0.000000 1.000000 0.000000
3
0
0.000000
0.000000
0.707107
0.707107
0.000000
0.000000
0.000000
1.000000
0.000000
0.000000
0.000000
1.000000
0.000000
0.000000
0.000000
0.000000
0.000000
0.000000
1.000000
0.000000
0.000000
0.000000
1.000000
0.000000
0.000000
0.000000
0.000000
0.000000
1.000000
0.000000
0.000000
0.000000
1.000000
0.000000
0.000000
0.000000
0.000000
0.000000
1.000000
0.000000
0.000000
0.000000
1.000000
0.000000
0.000000
0.000000
0.000000
0.000000
1.000000
0.000000
0.000000
0.000000
1.000000
0.000000
0.000000
0.000000
0.000000
0.000000
1.000000
0.000000
0.000000
0.000000
1.000000
0.000000
0.000000
0
0
0
0
0
-3.964078 2.151630 0.000006 1.000000
-3.964078 2.151630 0.000006 1.000000
0.000000
2.941593
0.300000
0.000000
0.000000
0.998750
-0.049979
-0.120000
0.000000
0
0.000000
0.000000
-39.317032 -0.000001 0.000000 1.000000
3.938809 2.151630 -0.000004 1.000000
0.000000 0.000000 1.000000 0.000000
3
0
0.000000
0.000000
0.707107
0.707107
0.000000
0.000000
0.000000
1.000000
0.000000
0.000000
0.000000
1.000000
0.000000
0.000000
0.000000
0.000000
0.000000
0.000000
1.000000
0.000000
0.000000
0.000000
1.000000
0.000000
0.000000
0.000000
0.000000
0.000000
1.000000
0.000000
0.000000
0.000000
1.000000
0.000000
0.000000
0.000000
0.000000
0.000000
1.000000
0.000000
0.000000
0.000000
1.000000
0.000000
0.000000
0.000000
0.000000
0.000000
1.000000
0.000000
0.000000
0.000000
1.000000
0.000000
0.000000
0.000000
0.000000
0.000000
1.000000
0.000000
0.000000
0.000000
1.000000
0.000000
0.000000
0
0
0
0
0
3.938809 2.151630 -0.000004 1.000000
3.938809 2.151630 -0.000004 1.000000
0.000000
106
3.152490
0.300000
0.002807
0.999953
0.009254
0.000219
0.000000
0.200000
0
0.000000
0.000000
-27.516743 0.010828 0.010838 1.000000
-7.011999 34.861893 0.010839 1.000000
-0.000387 0.018509 -0.999829 0.000000
0
0
0.010469
0.024364
-0.000277
0.999649
0.000000
0.000000
0.000000
1.000000
-0.484817
0.513792
-0.463000
0.483358
0.000000
0.000000
0.000000
0.000000
0.000000
0.000000
1.000000
0.000000
0.000000
0.000000
1.000000
-0.004822
0.000000
0.000000
0.000000
0.000000
1.000000
0.000000
0.000000
0.000000
1.000000
0.044667
0.037974
0.000000
0.000000
0.000000
1.000000
0.000000
0.000000
0.000000
1.000000
0.124852
0.144905
0.000000
0.000000
0.000000
1.000000
0.000000
0.000000
0.000000
1.000000
0.220425
0.067941
0.000000
0.000000
0.000000
1.000000
0.000000
0.000000
0.000000
1.000000
0.217889
0.134539
0
0
0
0
0
-5.993989 51.739941 9.158950 1.000000
-5.993989 51.739941 9.158950 1.000000
0.000000
3.152490
0.300000
0.002807
0.999953
0.009254
0.000219
0.000000
0.200000
0
0.000000
0.000000
-27.516743 0.010828 0.010838 1.000000
6.499646 62.460274 26.900776 1.000000
-0.000387 0.018509 -0.999829 0.000000
0
0
0.010469
0.024364
-0.000277
0.999649
0.000000
0.000000
0.000000
1.000000
-0.484817
0.513792
-0.463000
0.483358
0.000000
0.000000
0.000000
0.000000
0.000000
0.000000
1.000000
0.000000
0.000000
0.000000
1.000000
-0.004822
0.000000
0.000000
0.000000
0.000000
1.000000
0.000000
0.000000
0.000000
1.000000
0.044667
0.037974
0.000000
0.000000
0.000000
1.000000
0.000000
0.000000
0.000000
1.000000
0.124852
0.144905
0.000000
0.000000
0.000000
1.000000
0.000000
0.000000
0.000000
1.000000
0.220425
0.067941
0.000000
0.000000
0.000000
1.000000
0.000000
0.000000
0.000000
1.000000
0.217889
0.134539
0
0
0
0
0
6.626317 50.277275 19.803543 1.000000
6.626317 50.277275 19.803543 1.000000
0.000000
107
