VERSION
33
10
0
2
11
12
5.309954
4.827231
5.792677
6.661579
1.000000 0.000000 0.000000 0.000000
0.000000 1.000000 0.000000 0.000000
0.000000 0.000000 1.000000 0.000000
0.688677 1.293190 0.000002 1.000000
12
7.743690
13
3
2.046985
1.000000 0.000000 0.000000 0.000000
0.000000 1.000000 0.000000 0.000000
0.000000 0.000000 1.000000 0.000000
0.000000 0.000000 0.000000 1.000000
15
0
3.713255
18.045723
17.597597
7.601811
2.850679
4.346498
3.793090
1.767509
6.407221
1
1
0.000000 1.000000 0.000000 0.000000
-1.000000 0.000000 -0.000000 0.000000
-0.000000 0.000000 1.000000 0.000000
3.793090 6.407221 0.000000 1.000000
0.686289
0
3.713255
18.045723
17.597597
7.601811
2.850679
4.680843
3.793090
1.767509
6.407221
1
1
0.000000 1.000000 0.000000 0.000000
-1.000000 0.000000 -0.000000 0.000000
0.000000 0.000000 -1.000000 0.000000
3.793090 6.407221 0.000000 1.000000
0.739081
16
0
11.139765
10.314597
5.701358
2.850679
4.972048
0.000000
0.200000
-0.059043 -3.191751 4.140399 1.000000
3.713255
2.923823
0.000000
3.713255
5
3
0.636802 -0.510938 -0.577430 0.000000
0.658614 0.749854 0.062825 0.000000
0.400889 -0.420310 0.814019 0.000000
-0.563296 -1.081475 -0.139987 1.000000
2.680686
1.094030
0.821024
3
0.850713 -0.191225 -0.489613 0.000000
-0.475866 0.115431 -0.871910 0.000000
0.223248 0.974735 0.007202 0.000000
2.994718 -1.340137 0.187518 1.000000
1.455208
0.712525
0.728659
3
0.388159 -0.232240 -0.891851 0.000000
-0.916921 -0.000000 -0.399070 0.000000
0.092680 0.972658 -0.212946 0.000000
3.017771 -0.094387 -0.005099 1.000000
1.925375
0.956688
0.990181
3
0.332560 -0.242566 -0.911354 0.000000
-0.943030 -0.095702 -0.318647 0.000000
-0.009926 0.965403 -0.260574 0.000000
2.819726 0.994982 -0.042300 1.000000
1.655888
1.113976
0.802813
3
0.443548 -0.089066 -0.891814 0.000000
-0.879922 -0.232353 -0.414427 0.000000
-0.170304 0.968545 -0.181431 0.000000
2.292323 2.004652 0.057799 1.000000
1.226414
0.928314
0.828747
0
11.139765
10.314597
5.701358
2.850679
4.827231
-0.334218
0.200000
0.064311 3.460884 4.341908 1.000000
3.713255
2.923823
0.000000
3.713255
5
3
0.669071 -0.736989 0.095869 0.000000
0.736920 0.674608 0.043046 0.000000
-0.096398 0.041847 0.994463 0.000000
-0.636954 -1.222756 -0.143902 1.000000
2.116311
1.094030
0.821024
3
0.893556 -0.316280 0.318630 0.000000
0.300369 -0.106318 -0.947879 0.000000
0.333671 0.942690 -0.000000 0.000000
2.994718 -1.340137 0.187518 1.000000
0.689975
0.862870
0.902379
3
0.992079 -0.000000 -0.125613 0.000000
-0.125613 -0.000000 -0.992079 0.000000
0.000000 1.000000 -0.000000 0.000000
2.908350 -0.278624 -0.006288 1.000000
1.299639
1.299639
0.990181
3
0.964079 -0.002886 -0.265601 0.000000
-0.265602 -0.000000 -0.964083 0.000000
0.002782 0.999996 -0.000766 0.000000
2.819726 0.994982 -0.042300 1.000000
1.113976
1.113976
0.947089
3
0.922112 0.155457 -0.354320 0.000000
-0.350481 -0.052380 -0.935104 0.000000
-0.163927 0.986453 0.006185 0.000000
2.043541 1.781478 -0.120416 1.000000
0.928314
0.928314
0.928314
19
0
20
0
21
0
22
0
23
0
24
0
0
18
0.000000
17
501
7.240846
10.807855
503
6.758123
6.034039
7.260793
5.985766
9.123466
6.034039
8.930377
7.192574
506
11.139765
16.264057
11.139765
16.264057
0.928314
1.685164
0.928314
0.928314
0.928314
0.928314
1.113976
1.113976
0.701874
1.113976
0.660777
1.113976
1.299639
1.299639
1.299639
1.299639
1.299639
1.299639
1.113976
1.113976
1.113976
1.113976
1.113976
1.113976
0.928314
0.928314
0.928314
0.928314
0.928314
0.928314
4.972048
29.494379
24.425789
11.139765
16.264057
11.139765
16.264057
0.928314
1.685164
0.928314
0.928314
0.928314
0.928314
1.113976
1.113976
0.701874
1.113976
0.660777
1.113976
1.299639
1.299639
1.299639
1.299639
1.299639
1.299639
1.113976
1.113976
1.113976
1.113976
1.113976
1.113976
0.928314
0.928314
0.928314
0.928314
0.928314
0.928314
4.827231
29.494379
24.956783
505
20.608562
23.950491
21.536877
21.908201
0.686289
0.686289
40.000000
0.000000
0.000000
20.608562
23.950491
21.536877
21.908201
0.739081
0.739081
40.000000
0.000000
0.000000
500
7.743690
7.743690
8.675828
7.735947
3.713255
13.070657
3.713255
507
100
-0.003591
-0.082341
0.043419
0.995651
3
-0.471000
0.000000
0.000000
0.000000
101
3
-0.839394
-0.074026
0.000000
-0.157248 0.000000 0.987559 0.000000
0.000000 1.000000 0.000000 0.000000
-0.987559 0.000000 -0.157248 0.000000
0.000000 39.022949 2.807837 1.000000
108
0.263122 0.000000 -0.000000 0.000000
0.000000 39.022949 2.807837 1.000000
0.000000
0.760673
0.000000
0.649135
102
0.000000
103
12
-0.007419
0.000000
0.000000
0.069778
0.000000
0.000000
0.095944
0.000000
0.000000
-0.017444
0.000000
0.000000
105
2.949247
0.300000
-0.042929
-0.005316
0.998878
0.019276
-0.120000
0.000000
0
0.000000
0.000000
-35.031292 -4.705249 -3.066426 1.000000
-5.955445 3.991657 -12.576503 1.000000
-0.085558 -0.012275 0.996258 1.000000
3
0
-0.033091
0.033091
0.706332
0.706332
0.000000
0.000000
0.000000
1.000000
-0.558768
0.558768
0.433334
0.433334
0.000000
0.000000
0.000000
0.000000
0.000000
0.000000
1.000000
0.000000
0.000000
0.000000
1.000000
0.000000
0.000000
0.000000
0.000000
0.000000
1.000000
0.000000
0.000000
0.000000
1.000000
0.000000
0.000000
0.000000
0.000000
0.000000
1.000000
0.000000
0.000000
0.000000
1.000000
0.000000
0.000000
0.000000
0.000000
0.000000
1.000000
0.000000
0.000000
0.000000
1.000000
0.000000
0.000000
0.000000
0.000000
0.000000
1.000000
0.000000
0.000000
0.000000
1.000000
0.000000
0.000000
0
0
0
0
0
-2.868955 3.986889 16.009706 1.000000
-2.868955 3.986889 16.009706 1.000000
0.000000
2.938091
0.300000
-0.039487
-0.007003
0.996343
-0.075444
-0.120000
0.000000
0
0.000000
0.000000
-35.301254 1.807774 -2.809541 1.000000
6.157378 3.721695 -4.052721 1.000000
-0.079741 -0.007997 0.996784 1.000000
3
0
0.113309
-0.113309
0.697969
0.697969
0.000000
0.000000
0.000000
1.000000
-0.457374
0.457374
0.539267
0.539267
0.000000
0.000000
0.000000
0.000000
0.000000
0.000000
1.000000
0.000000
0.000000
0.000000
1.000000
0.000000
0.000000
0.000000
0.000000
0.000000
1.000000
0.000000
0.000000
0.000000
1.000000
0.000000
0.000000
0.000000
0.000000
0.000000
1.000000
0.000000
0.000000
0.000000
1.000000
0.000000
0.000000
0.000000
0.000000
0.000000
1.000000
0.000000
0.000000
0.000000
1.000000
0.000000
0.000000
0.000000
0.000000
0.000000
1.000000
0.000000
0.000000
0.000000
1.000000
0.000000
0.000000
0
0
0
0
0
3.062431 5.432159 16.154816 1.000000
3.062431 5.432159 16.154816 1.000000
0.000000
106
2.825881
0.300000
0.000392
0.979159
-0.202188
-0.019179
0.000000
0.200000
0
0.000000
0.000000
-20.901859 2.794417 -2.057975 1.000000
-11.232594 37.711346 2.944812 1.000000
0.037399 -0.395963 -0.917504 1.000000
0
0
-0.328348
0.013837
0.027719
0.944049
0.000000
0.000000
0.000000
1.000000
-0.265477
-0.272912
0.627145
0.312023
0.000000
0.000000
0.000000
0.000000
0.000000
0.000000
1.000000
0.000000
0.000000
0.000000
1.000000
0.449264
0.309782
0.000000
0.000000
0.000000
1.000000
0.000000
0.000000
0.000000
1.000000
1.246979
0.076535
0.000000
0.000000
0.000000
1.000000
0.000000
0.000000
0.000000
1.000000
1.260447
0.000000
0.000000
0.000000
0.000000
1.000000
0.000000
0.000000
0.000000
1.000000
0.925053
0.798318
0.000000
0.000000
0.000000
1.000000
0.000000
0.000000
0.000000
1.000000
0.249482
1.235385
0
0
0
0
0
-12.461120 37.673473 -10.781249 1.000000
-10.785027 37.806686 20.442078 1.000000
0.000000
2.922259
0.300000
-0.072013
0.991977
-0.051027
-0.090511
-0.334218
0.200000
0
0.000000
0.000000
-20.939730 -1.016481 -3.908782 1.000000
13.099038 37.216873 -8.238348 1.000000
0.186919 -0.088198 -0.978408 1.000000
0
0
0.000000
0.000000
0.034882
0.999391
0.000000
0.000000
0.000000
1.000000
0.585134
-0.397012
0.538600
0.458159
0.000000
0.000000
0.000000
0.000000
0.000000
0.000000
1.000000
0.000000
0.000000
0.000000
1.000000
0.000000
0.101713
0.000000
0.000000
0.000000
1.000000
0.000000
0.000000
0.000000
1.000000
0.314000
0.104667
0.000000
0.000000
0.000000
1.000000
0.000000
0.000000
0.000000
1.000000
0.000000
0.000000
0.000000
0.000000
0.000000
1.000000
0.000000
0.000000
0.000000
1.000000
0.000000
0.000000
0.000000
0.000000
0.000000
1.000000
0.000000
0.000000
0.000000
1.000000
0.000000
0.000000
0
0
0
0
0
11.612431 37.817322 20.483431 1.000000
11.612431 37.817322 20.483431 1.000000
0.000000
107
