VERSION
33
10
0
2
11
12
5.309954
4.827231
5.792677
6.661579
1.000000 0.000000 0.000000 0.000000
0.000000 1.000000 0.000000 0.000000
0.000000 0.000000 1.000000 0.000000
0.908554 1.706073 0.000003 1.000000
12
7.735947
13
3
2.046985
1.000000 0.000000 0.000000 0.000000
0.000000 1.000000 0.000000 0.000000
0.000000 0.000000 1.000000 0.000000
0.000000 0.000000 0.000000 1.000000
15
0
4.898805
18.045723
17.597597
7.601811
2.850679
4.346498
3.793090
1.767509
6.407221
1
1
0.000000 1.000000 0.000000 0.000000
-1.000000 0.000000 0.000000 0.000000
0.000000 0.000000 1.000000 0.000000
3.793090 6.407221 0.000000 1.000000
0.686289
0
4.898805
18.045723
17.597597
7.601811
2.850679
4.680843
3.793090
1.767509
6.407221
1
1
0.000000 1.000000 0.000000 0.000000
-1.000000 0.000000 0.000000 0.000000
0.000000 0.000000 -1.000000 0.000000
3.793090 6.407221 0.000000 1.000000
0.739081
16
0
11.139765
12.142029
5.701358
2.850679
4.340480
0.000000
0.200000
-0.059043 -3.191751 4.140399 1.000000
3.713255
4.037532
0.000000
3.713255
5
3
0.597031 -0.797343 0.088304 0.000000
0.113393 -0.025092 -0.993234 0.000000
0.794164 0.603004 0.075433 0.000000
1.313224 -1.140147 -0.158421 1.000000
2.116311
1.094030
0.821024
3
0.893556 -0.316280 0.318630 0.000000
0.300369 -0.106318 -0.947879 0.000000
0.333671 0.942690 0.000000 0.000000
3.975200 -1.532760 0.445665 1.000000
0.844759
1.056440
1.104813
3
0.992079 0.000000 -0.125613 0.000000
-0.125613 0.000000 -0.992079 0.000000
0.000000 1.000000 0.000000 0.000000
4.404168 -0.753271 0.192242 1.000000
1.299639
1.299639
0.990181
3
0.964079 -0.002886 -0.265601 0.000000
-0.265602 0.000000 -0.964083 0.000000
0.002782 0.999996 -0.000766 0.000000
4.352149 0.610905 -0.044714 1.000000
1.113976
1.113976
0.947089
3
0.922112 0.155457 -0.354320 0.000000
-0.350481 -0.052380 -0.935104 0.000000
-0.163927 0.986453 0.006185 0.000000
3.902894 1.470530 -0.214544 1.000000
0.928314
0.928314
0.928314
0
11.139765
12.142029
5.701358
2.850679
4.214058
-0.334218
0.200000
0.064311 3.460884 4.341908 1.000000
3.713255
4.037532
0.000000
3.713255
5
3
0.597031 -0.797343 0.088304 0.000000
0.113393 -0.025092 -0.993234 0.000000
0.794164 0.603004 0.075433 0.000000
1.313224 -1.140147 -0.158421 1.000000
2.116311
1.094030
0.821024
3
0.893556 -0.316280 0.318630 0.000000
0.300369 -0.106318 -0.947879 0.000000
0.333671 0.942690 0.000000 0.000000
4.126621 -1.586356 0.499660 1.000000
1.201196
1.056440
0.786837
3
0.996255 0.000000 -0.086460 0.000000
-0.086460 0.000000 -0.996255 0.000000
0.000000 1.000000 0.000000 0.000000
4.404168 -0.753271 0.192242 1.000000
1.299639
1.299639
0.990181
3
0.977922 -0.042841 -0.204533 0.000000
-0.204833 -0.002685 -0.978793 0.000000
0.041383 0.999078 -0.011401 0.000000
4.352149 0.610905 -0.044714 1.000000
1.113976
1.113976
0.947089
3
0.946979 0.127396 -0.294959 0.000000
-0.291895 -0.042516 -0.955505 0.000000
-0.134268 0.990940 -0.003075 0.000000
3.902894 1.470530 -0.214544 1.000000
0.928314
0.928314
0.928314
19
0
20
0
21
0
22
0
23
0
24
0
0
18
0.000000
17
501
7.240846
10.807855
503
6.758123
6.034039
7.260793
5.985766
9.123466
6.034039
8.930377
7.192574
506
11.139765
16.264057
11.139765
19.375717
0.928314
1.685164
0.928314
0.928314
0.928314
0.928314
1.113976
1.113976
0.701874
1.113976
0.660777
1.113976
1.299639
1.299639
1.299639
1.299639
1.299639
1.299639
1.113976
1.113976
1.113976
1.113976
1.113976
1.113976
0.928314
0.928314
0.928314
0.928314
0.928314
0.928314
4.340480
29.494379
24.425789
11.139765
16.264057
11.139765
19.375717
0.928314
1.685164
0.928314
0.928314
0.928314
0.928314
1.113976
1.113976
0.701874
1.113976
0.660777
1.113976
1.299639
1.299639
1.299639
1.299639
1.299639
1.299639
1.113976
1.113976
1.113976
1.113976
1.113976
1.113976
0.928314
0.928314
0.928314
0.928314
0.928314
0.928314
4.214058
29.494379
24.956783
505
20.608562
23.950491
21.536877
21.908201
0.686289
0.686289
40.000000
0.000000
0.000000
20.608562
23.950491
21.536877
21.908201
0.739081
0.739081
40.000000
0.000000
0.000000
500
7.735947
7.743690
8.675828
7.735947
4.898805
17.243792
4.898805
507
100
-0.003591
-0.082341
0.043419
0.995651
3
-0.471000
0.000000
0.000000
0.000000
101
3
-0.839394
-0.074026
0.000000
-0.157247 0.000000 0.987559 0.000000
0.000000 1.000000 0.000000 0.000000
-0.987559 0.000000 -0.157247 0.000000
0.000000 39.022949 0.775320 1.000000
108
0.263122 0.000000 0.000000 0.000000
0.000000 39.022949 0.775320 1.000000
0.000000
0.760673
0.000000
0.649135
102
0.000000
103
12
-0.007419
0.000000
0.000000
0.069778
0.000000
0.000000
0.095944
0.000000
0.000000
-0.017444
0.000000
0.000000
105
2.949247
0.300000
-0.060058
-0.007846
0.998015
-0.017229
-0.120000
0.000000
0
0.000000
0.000000
-35.155560 -2.113703 -4.284010 1.000000
-8.736200 3.867390 -2.756057 1.000000
-0.120147 -0.013592 0.992663 1.000000
3
0
-0.033091
0.033091
0.706332
0.706332
0.000000
0.000000
0.000000
1.000000
-0.558768
0.558768
0.433334
0.433334
0.000000
0.000000
0.000000
0.000000
0.000000
0.000000
1.000000
0.000000
0.000000
0.000000
1.000000
0.000000
0.000000
0.000000
0.000000
0.000000
1.000000
0.000000
0.000000
0.000000
1.000000
0.000000
0.000000
0.000000
0.000000
0.000000
1.000000
0.000000
0.000000
0.000000
1.000000
0.000000
0.000000
0.000000
0.000000
0.000000
1.000000
0.000000
0.000000
0.000000
1.000000
0.000000
0.000000
0.000000
0.000000
0.000000
1.000000
0.000000
0.000000
0.000000
1.000000
0.000000
0.000000
0
0
0
0
0
-2.868955 3.986889 16.009706 1.000000
-2.868955 3.986889 16.009706 1.000000
0.000000
2.938091
0.300000
-0.056818
-0.005689
0.995505
-0.075554
-0.120000
0.000000
0
0.000000
0.000000
-35.182312 1.814359 -4.031595 1.000000
8.533996 3.840637 3.971388 1.000000
-0.113986 -0.002741 0.993479 1.000000
3
0
0.113309
-0.113309
0.697969
0.697969
0.000000
0.000000
0.000000
1.000000
-0.457374
0.457374
0.539267
0.539267
0.000000
0.000000
0.000000
0.000000
0.000000
0.000000
1.000000
0.000000
0.000000
0.000000
1.000000
0.000000
0.000000
0.000000
0.000000
0.000000
1.000000
0.000000
0.000000
0.000000
1.000000
0.000000
0.000000
0.000000
0.000000
0.000000
1.000000
0.000000
0.000000
0.000000
1.000000
0.000000
0.000000
0.000000
0.000000
0.000000
1.000000
0.000000
0.000000
0.000000
1.000000
0.000000
0.000000
0.000000
0.000000
0.000000
1.000000
0.000000
0.000000
0.000000
1.000000
0.000000
0.000000
0
0
0
0
0
3.062431 5.432159 16.154816 1.000000
3.062431 5.432159 16.154816 1.000000
0.000000
106
2.964459
0.300000
0.051597
0.978770
0.172619
-0.097720
0.000000
0.200000
0
0.000000
0.000000
-22.383917 5.112003 -3.261390 1.000000
-12.206000 36.766399 3.308899 1.000000
0.209105 0.327824 -0.921307 1.000000
0
0
-0.002768
0.056804
-0.048590
0.997198
0.000000
0.000000
0.000000
1.000000
-0.295794
-0.266308
0.626642
0.292500
0.000000
0.000000
0.000000
0.000000
0.000000
0.000000
1.000000
0.000000
0.000000
0.000000
1.000000
0.003011
-0.208184
0.000000
0.000000
0.000000
1.000000
0.000000
0.000000
0.000000
1.000000
0.314000
0.104667
0.000000
0.000000
0.000000
1.000000
0.000000
0.000000
0.000000
1.000000
0.000000
0.000000
0.000000
0.000000
0.000000
1.000000
0.000000
0.000000
0.000000
1.000000
0.000000
0.000000
0.000000
0.000000
0.000000
1.000000
0.000000
0.000000
0.000000
1.000000
0.000000
0.000000
0
0
0
0
0
-12.839951 36.542118 -3.457355 1.000000
-10.785027 37.806686 20.442078 1.000000
0.000000
2.964459
0.300000
-0.072830
0.990380
-0.049853
-0.106574
-0.334218
0.200000
0
0.000000
0.000000
-22.608196 -1.470387 -4.951427 1.000000
13.576876 36.109577 -0.579912 1.000000
0.218359 -0.083224 -0.972313 1.000000
0
0
0.000000
0.000000
-0.048669
0.998815
0.000000
0.000000
0.000000
1.000000
0.528824
-0.428092
0.438158
0.587452
0.000000
0.000000
0.000000
0.000000
0.000000
0.000000
1.000000
0.000000
0.000000
0.000000
1.000000
0.003011
-0.208184
0.000000
0.000000
0.000000
1.000000
0.000000
0.000000
0.000000
1.000000
0.314000
0.104667
0.000000
0.000000
0.000000
1.000000
0.000000
0.000000
0.000000
1.000000
0.000000
0.000000
0.000000
0.000000
0.000000
1.000000
0.000000
0.000000
0.000000
1.000000
0.000000
0.000000
0.000000
0.000000
0.000000
1.000000
0.000000
0.000000
0.000000
1.000000
0.012844
0.123435
0
0
0
0
0
11.612431 37.817322 20.483431 1.000000
11.612431 37.817322 20.483431 1.000000
0.000000
107
